#PAD	O	ARG3	ARG0	ARG2	AUX	ARGA	ARGM-DIR	ARGM-CND	ARGM-PRD	ARGM-DIS	ARGM	ARGM-PRP	ARGM-CAU	ARGM-ADV	ARGM-MNR	ARGM-EXT	ARGM-LOC	ARG1	ARGM-TMP	ARGM-INS	ARGM-NEG	
$WEIGHT1
0.12725	0.0163871	0.129478	0.252936	-0.129877	0.217263	-0.316543	0.161564	-0.0552366	-0.0227541	-0.0628807	0.26919	0.303026	-0.322796	-0.0609344	0.230703	0.393197	-0.329586	-0.00185713	-0.260073	-0.272513	-0.304575	
0.0161421	0.136141	-0.0509639	0.314217	0.459336	0.333891	0.255539	-0.374388	-0.0787427	-0.183901	0.195556	-0.153168	-0.326264	0.100796	-0.121908	-0.175022	-0.011102	0.35605	0.250277	0.345161	0.124452	-0.0348318	
0.345771	0.41315	-0.287615	0.168006	0.139079	0.0799627	-0.382658	-0.209752	0.277413	0.342696	-0.347293	-0.451235	0.00351334	-0.208166	0.147103	-0.136439	-0.101022	-0.0555199	0.314778	0.00364097	-0.419786	0.0900262	
0.0151468	-0.00655774	0.0840567	0.292225	-0.0448494	-0.136435	-0.286188	0.073617	-0.0595572	-0.290309	0.241653	0.0485851	0.278814	0.0724254	-0.07284	0.326908	0.193223	0.0110283	0.453196	0.138353	0.252021	-0.215206	
0.0326054	0.127483	-0.0379042	-0.320736	-0.123432	0.218598	0.115793	0.289627	-0.180346	0.142144	-0.292648	0.0521988	0.266766	0.312395	-0.127011	0.301844	0.0785584	-0.205003	0.475633	0.345653	0.0236901	0.309268	
$WEIGHT2
0.0175441	1.42596	0.134539	1.00986	0.534465	1.12187	-0.352715	0.347998	0.432782	0.602018	0.315292	-0.652626	0.126396	0.28022	0.00332665	0.621611	0.267335	0.213261	1.38536	0.962209	0.664763	-0.522389	
-0.239706	1.03653	0.181458	0.852136	0.608069	0.780282	-0.82768	-0.106707	0.615942	0.489063	0.84036	-0.649666	0.0696271	0.553696	0.549144	0.415902	0.662382	0.159529	1.45649	1.12759	0.086415	-0.400082	
0.354508	1.69168	0.0529198	0.767359	1.22971	1.13586	-0.84863	0.180195	0.5332	0.293227	0.378935	-0.974907	0.031925	0.688413	0.473129	0.317793	0.821631	0.383962	1.85156	0.793729	0.508284	-0.417559	
-0.366734	1.21901	-0.0653975	0.852421	1.05322	0.519057	-0.414586	-0.0494608	0.315607	0.366837	0.725643	-0.335715	0.178627	0.593299	0.558988	0.535884	0.372092	0.26535	1.29079	0.730514	0.381361	-0.356491	
0.0852074	1.46325	0.330334	0.731966	1.16062	1.1563	-0.981847	0.169381	0.593564	0.188969	0.468256	-0.94922	0.247483	0.669414	0.0158877	0.470032	0.492628	0.756918	1.17144	0.959431	0.115185	-0.154274	
$WEIGHT3
0.24569	0.597389	-0.075984	0.0631605	0.432868	0.0494255	-0.102862	-0.313618	-0.269978	-0.117151	-0.173327	0.146892	-0.0581858	0.213332	0.0502126	0.0605919	-0.0824163	0.364651	-0.0168997	0.384637	0.156458	0.157272	
0.0899019	0.387852	0.140055	0.375455	0.409309	0.210217	-0.290856	-0.0142026	-0.3227	-0.0106572	0.304011	-0.446883	0.33482	-0.217294	0.263422	0.349549	0.10876	-0.188421	0.577021	-0.00952003	0.111627	-0.325095	
0.177361	0.299582	0.324881	0.127115	0.155001	-0.0982675	0.0580869	0.0421973	0.321379	-0.28106	-0.19612	-0.116776	0.109653	0.182102	0.240684	0.353284	0.134569	0.381054	0.157988	0.51049	0.378182	-0.078884	
0.199909	0.662701	-0.130345	0.237939	-0.126675	0.351587	0.00585653	-0.260056	0.299351	0.123073	0.0247364	-0.00167018	-0.0757177	-0.286377	0.186657	0.331584	-0.234942	-0.0214347	0.435157	0.281426	0.148315	-0.326175	
-0.194343	0.394367	0.0259712	0.144257	0.0306241	0.401425	0.108456	-0.431555	0.331179	-0.0859174	0.463908	-0.0473604	-0.186035	-0.247359	-0.170555	0.114345	0.15599	-0.107987	0.689642	-0.0242653	0.167474	-0.0474817	
$WEIGHT4
-0.13916	3.51115	1.36816	3.03112	2.74421	2.3763	0.67861	0.622104	0.752578	1.10588	2.24319	0.378198	0.935791	1.15898	1.46593	1.78131	1.38252	1.60871	3.43335	2.54553	1.21097	-0.260583	
-0.0400797	3.07648	0.775949	2.80847	2.86243	2.14669	0.91178	0.408186	0.707254	0.943887	2.35767	0.0648849	0.664989	1.55649	1.46689	1.26809	1.75203	1.43208	2.92743	2.58217	0.907622	-0.246334	
0.0132672	2.96554	0.976431	2.8996	2.71271	2.41677	0.854818	0.429739	0.695736	0.853073	2.17116	-0.0419425	0.631958	1.62601	1.04021	1.28406	1.1236	1.65782	3.35315	2.52266	1.34177	0.0537795	
-0.057771	3.26695	0.94421	2.99001	2.78394	2.727	0.835744	0.593049	0.620804	0.949237	2.30882	0.0634264	1.23925	1.33427	1.03765	1.6841	1.48632	1.34686	3.43191	2.70592	1.49324	-0.160106	
-0.366532	2.96443	1.24917	2.94708	2.95167	2.35741	0.484896	0.280902	0.899991	1.01149	2.17634	0.227526	0.587826	1.48536	1.16572	1.56499	1.38819	1.72833	3.34636	2.90023	1.23821	0.169979	
$WEIGHT5
-0.227995	0.31782	-0.157571	-0.256706	-0.313345	0.19988	0.172406	-0.358022	-0.238413	-0.0716539	-0.267402	-0.291569	-0.213513	-0.268318	0.168704	-0.394974	-0.233068	0.32188	-0.1444	0.258773	-0.0715429	-0.254864	
0.178267	0.0457122	0.250844	0.360133	-0.328548	-0.238322	0.00937235	0.250395	0.13239	-0.192828	-0.292564	-0.244838	-0.269206	-0.178006	-0.123165	0.0949515	-0.233718	0.129925	0.21132	-0.0464369	0.0906898	0.150426	
0.0853804	-0.293257	-0.109619	-0.140096	-0.088485	0.111103	0.0842037	-0.147887	0.314772	-0.19832	-0.202799	0.179993	0.0449452	-0.126085	0.0899562	-0.282718	0.110201	-0.265567	-0.031372	0.310038	0.18517	-0.378279	
0.15062	0.283814	-0.0850847	0.176611	0.130474	0.00827709	0.312866	0.217223	0.257209	-0.331371	-0.179427	0.256679	0.203438	-0.0890232	0.0946107	0.0397694	-0.142694	0.236077	0.255533	-0.183981	0.221969	0.192128	
0.19789	0.0965675	0.116134	0.19828	0.304504	-0.310268	-0.295877	0.234511	0.103144	-0.209315	0.371538	0.0809479	-0.382864	-0.217082	-0.258558	0.325374	-0.0142827	0.362164	0.17477	-0.135412	0.174906	-0.248134	